vehicle -10.4464406967 1.63741445541 -0.878034293652 4.91083 2.09113 1.56142 0.7135195
vehicle -8.68298339844 6.46228313446 -0.392942875624 5.05939 1.89873 2.2772 0.6504742
vehicle -17.2816524506 -0.272589683533 -0.694775104523 3.29231 1.70924 1.56688 0.7534324
vehicle -13.6427383423 -5.8951292038 -0.360842585564 4.39812 2.0893 2.74005 0.6289006
vehicle -16.6606254578 -3.86068964005 -0.700289785862 4.68726 2.00355 1.98797 0.7590971
vehicle -20.9831314087 -7.56360864639 -0.881874263287 3.67162 1.59768 1.51521 0.6829835
vehicle -30.3414573669 -16.4068241119 0.0551006421447 16.7137 3.24625 3.33107 0.7455437
vehicle -41.0001335144 -27.2322940826 -0.541430473328 3.79754 1.40699 1.76565 0.7119207
vehicle -30.9354915619 -5.10280656815 -0.363562494516 4.27586 1.73513 1.78389 0.7346997
vehicle -24.7567806244 0.668221533298 0.130985274911 2.19507 1.33037 0.364756 0.7525107
vehicle -19.2326316833 1.85968017578 -0.200318068266 1.54497 1.57091 0.522441 0.6894025
vehicle -19.0913352966 5.91847610474 -0.644642949104 4.6239 1.95206 1.42579 0.7703592
pedestrian -10.115439415 12.5054702759 -0.465279400349 0.814535 0.442138 1.56311 0.6204315
pedestrian -9.36721038818 12.6616010666 -0.482300370932 0.756728 0.625852 1.59569 0.4455214
cyclist -18.916387558 -14.719203949 -0.920854151249 1.58872 0.607326 1.54147 -2.369156
vehicle 10.3180580139 -13.0479402542 -0.725351154804 3.85969 1.65013 1.97064 -1.348011
vehicle 5.41897201538 -9.16571617126 -0.677349150181 2.87844 1.32016 2.16727 -0.6850364
vehicle 15.1081676483 -22.7516841888 -0.191063344479 3.87815 1.90361 2.81577 0.5187035
pedestrian 27.6616725922 9.8802280426 -0.0144429113716 0.802991 0.65731 1.74872 0.9465417
pedestrian 48.0078048706 -7.25976324081 0.139887735248 0.859942 0.486586 1.54346 0.4254965
cyclist 50.8243331909 -4.95939350128 0.0160791985691 1.4774 0.529075 1.34788 0.2106211
vehicle 47.3203926086 -5.71124505997 0.0159020200372 2.30282 0.983798 1.2866 0.2539001
vehicle 57.6736907959 -19.7529888153 -0.0668566897511 4.19034 1.17476 0.831642 2.099829
vehicle 54.5346870422 -13.6616106033 -0.016845498234 4.37123 1.62601 1.46654 2.102739
vehicle 57.4200401306 -12.3750190735 0.300765037537 2.82666 1.47296 1.47417 2.188015
vehicle 60.2228393555 -9.65395641327 0.29979634285 3.88552 2.12005 1.52315 0.554496
cyclist 37.3769989014 41.6121864319 0.783165514469 1.43146 0.337296 1.3228 2.113335
pedestrian 42.5942802429 36.4237136841 0.577893853188 0.657484 0.349762 1.71751 1.89509
vehicle 9.06013393402 39.1893730164 0.502813398838 4.27802 1.7917 1.31685 -1.018511
vehicle 9.98670864105 19.5359020233 -0.00504041416571 4.77169 1.80204 1.78806 2.871337
vehicle -6.31772184372 19.5810127258 -0.0489390604198 4.97278 1.84457 1.99986 -2.969775
vehicle -32.3491897583 2.618080616 0.0941789150238 3.27688 1.77082 0.891064 -2.389898
vehicle -37.3760147095 6.77717161179 0.20543345809 8.92539 2.66108 2.19877 -2.398712
pedestrian -58.6219787598 -5.28105640411 -0.0221502557397 0.499278 0.560315 1.54432 -2.656706
vehicle -48.2904205322 20.3928337097 -0.396523416042 1.22301 0.362308 1.0565 -2.594814
pedestrian -27.1551513672 27.5640258789 0.109269782901 0.435529 0.609489 1.44772 2.525831
pedestrian -19.6502170563 32.9113044739 0.118902735412 0.493244 0.883205 1.45051 2.0738
vehicle -13.5947780609 33.4617614746 0.438459068537 4.67002 1.68589 1.19835 2.596872
cyclist -6.0109462738 39.5510635376 0.357881128788 2.01899 0.558095 1.50432 -3.044785
cyclist 55.5884170532 11.2375097275 0.0469063334167 0.718298 1.02628 1.48769 -3.080262
vehicle 45.3580932617 -41.7299728394 -0.197002634406 5.08731 1.94194 1.67569 -1.042238
vehicle -33.394153595 45.5601921082 0.365147590637 4.1223 1.96852 1.49246 -2.671688
vehicle -48.0313301086 -12.2338724136 0.454533159733 16.4313 2.73361 3.13703 -2.373078
