vehicle 19.8006229401 27.2043857574 -0.350158989429 4.44738 1.75289 1.74744 3.125616
vehicle 10.3436956406 23.1865139008 -0.581001639366 4.16342 1.75109 1.15844 3.071124
vehicle -9.75743579865 24.3776855469 -0.725235521793 4.04603 1.86071 1.44281 3.067341
vehicle -35.8103256226 27.9029827118 -1.0635215044 4.20592 1.69785 1.17503 3.119248
vehicle -37.4353713989 22.3167152405 -0.547350287437 4.87923 1.90394 1.36517 3.121663
vehicle -45.0917396545 22.4652690887 -0.759302258492 3.60183 1.47783 1.04135 -3.115096
vehicle -44.4166526794 30.6517829895 -1.09847414494 5.27866 1.48724 0.993799 3.1099
vehicle -14.0526161194 2.75077319145 -0.735275506973 4.13609 1.82959 1.91666 -0.03135384
vehicle -43.8913879395 0.583784580231 -0.576200008392 2.77399 1.85603 2.47659 -0.01611931
cyclist -6.41387414932 -16.94780159 -0.814154982567 1.83442 0.714443 1.38831 3.077392
vehicle -22.8580799103 -20.3051719666 -1.12283992767 3.36577 0.692136 1.15345 3.053511
pedestrian 9.36137104034 -19.9573631287 -0.491195559502 0.432132 0.67363 1.60403 3.062423
pedestrian 32.3568763733 -20.0052452087 -0.178051576018 0.435043 0.546784 0.954625 3.035239
vehicle 42.2408561707 -8.3595085144 0.29777225852 3.30464 1.84843 1.55134 -0.3540275
pedestrian -7.88290786743 -19.3787059784 -0.536662638187 0.493487 0.438194 0.931187 1.657017
cyclist -12.8447990417 -23.379617691 -1.00116431713 1.56118 0.568253 1.0631 0.6813588
dontCare 4.27198696136 -19.4674835205 -1.17572951317 0.828247 0.282843 0.391928 3.11581
cyclist -15.8732757568 -23.2759952545 -1.10753297806 1.42617 0.525847 0.933237 -3.054071
dontCare -19.7299423218 -18.502035141 -1.2395939827 0.579085 0.411571 0.920271 -3.129027
pedestrian -32.5178184509 -19.4138679504 -0.970067203045 0.442632 0.807004 1.2545 -3.103411
pedestrian -49.9372673035 -18.3241844177 -1.22439563274 0.257496 0.286408 0.728035 3.13903
vehicle -53.8566093445 22.7194499969 -0.934537172318 2.68887 1.53107 0.468663 -3.082534
